
strategic_region={
	id=63
	name="STRATEGICREGION_63"
	provinces={
		2566 2569 2589 2669 2682 2703 2735 2764 2768 2769 2818 2826 2840 2841 2875 2925 2958 2967 2968 3018 3037 3051 3052 3068 3069 3070 3089 3100 3113 3126 3137 3138 3139 3199 3200 3206 3216 3217 3226 3243 3257 3258 3284 3297 3305 3315 3324 3336 3337 3344 3345 3353 3362 3371 3377 3401 3409 3410 3411 3424 3425 3426 3452 3453 3462 3494 3505 3506 3512 3518 3527 3528 3537 3539 3549 3568 3604 3624 3625 3639 3642 3643 3688 3704 3711 3732 3736 3783 3784 3785 3796 3811 3835 3924 3946 3989 4006 4019 4078 4132 
	}
	weather={
	}
}
