
strategic_region={
	id=64
	name="STRATEGICREGION_64"
	provinces={
		9 3432 3477 3478 3526 3536 3592 3603 3665 3686 3700 3720 3731 3745 3755 3756 3757 3831 3832 3845 3863 3864 3888 3889 3890 3898 3910 3911 3922 3960 3973 3974 3988 4005 4017 4033 4034 4035 4057 4090 4091 4102 4103 4118 4119 4130 4149 4170 4171 4172 4206 4231 4257 4258 4269 4270 4271 4272 4273 4285 4286 4287 4307 4326 4350 4351 4366 4367 4368 4369 4407 4459 4460 4486 4521 4522 4523 4545 4583 4584 4585 4600 4611 4655 4664 4665 4680 4694 4695 4758 4795 4796 4809 4822 4850 4882 4883 4884 4903 4904 4924 4930 4966 4967 5013 5052 5064 5112 5135 5136 5159 5202 5221 5222 5238 5257 5307 5326 5395 5396 5416 5453 5471 5516 
	}
	weather={
	}
}
