
state={
	id=22
	name="STATE_22"

	history={
		owner = FRA
		add_core_of = ALG

	}

	provinces={
		21 23 25 29 30 31 114 140 194 200 228 254 255 337 350 373 378 447 452 460 518 559 560 563 568 569 577 612 613 619 646 647 653 654 658 659 664 676 677 681 691 696 704 715 716 738 747 748 771 778 782 784 800 808 809 828 834 844 845 854 865 869 879 883 885 886 901 902 908 909 911 917 921 926 931 932 935 936 937 940 944 971 974 975 984 993 997 1001 1018 1022 1023 1044 1052 1056 1057 1063 1064 1065 1070 1080 1081 1084 1099 1104 1115 1127 1128 1132 1155 1156 1164 1165 1171 1172 1181 1190 1198 1201 1202 1203 1208 1231 1256 1263 1280 1282 1290 1305 1315 1320 
	}
	manpower=0
	buildings_max_level_factor=1.000
}
