
state={
	id=226
	name="STATE_226"

        history = {
             owner = HOL
             add_core_of = HOL
        }

	provinces={
		9311 9538 9555 9829 9947 10006 10088 10089 10156 10199 10438 10439 10440 10441 10469 10498 10522 10588 10624 10644 10684 10685 10715 10716 10734 10776 10873 10898 10899 10943 10961 11010 11011 11031 11084 11085 11108 11124 11191 11403 11419 11449 11450 11579 11603 11604 11645 11666 11686 11735 11814 11870 11871 11898 11936 11979 11999 12059 
	}
	manpower=0
	buildings_max_level_factor=1.000
}
