
state={
	id=228
	name="STATE_228"

	history={
		owner = AUS
		add_core_of = AUS
		add_core_of = HUN
		add_core_of = CZE
		add_core_of = CRO
		add_core_of = POL

	}

	provinces={
		3041 3186 3238 3294 3295 3303 3314 3387 3406 3443 3483 3484 3485 3511 3524 3565 3589 3599 3612 3621 3633 3650 3673 3694 3695 3716 3717 3751 3778 3791 3803 3804 3805 3842 3886 3906 3907 3908 3920 3955 3956 3986 4014 4031 4043 4050 4051 4052 4072 4073 4087 4125 4126 4143 4166 4167 4202 4203 4253 4267 4281 4301 4302 4344 4404 4452 4537 
	}
	manpower=0
	buildings_max_level_factor=1.000
}
