
state={
	id=496
	name="STATE_496"
	provinces={
		3517 3525 3545 3546 3555 3556 3557 3581 3591 3600 3601 3635 3636 3653 3654 3677 3685 3697 3698 3719 3729 3730 3744 3752 3753 3754 3766 3780 3781 3782 3793 3794 3807 3808 3809 3826 3827 3828 3829 3830 3843 3857 3872 3873 3887 3921 3934 3942 3957 3958 3968 3969 3970 3971 4001 4002 4003 4004 4016 4032 4054 4055 4056 4065 4066 4076 4077 4101 4116 4117 4128 4145 4146 4147 4155 4156 4157 4168 4184 4185 4191 4205 4214 4226 4227 4242 4243 4244 4255 4256 4268 4284 4304 4305 4321 4322 4323 4324 4346 4363 4396 4414 4415 4437 4502 4597 4626 4627 4628 4652 4725 4744 4745 4793 4920 4980 5002 5040 5051 5093 5094 5109 5185 5218 5268 5323 5357 5413 5414 5415 5433 5466 5604 5632 5653 5654 5673 5691 5711 5731 5810 5846 5891 5955 6040 6041 6065 6066 6150 6168 6274 6292 6318 6319 6372 6373 6464 6510 6607 6689 6709 6741 7022 7041 7341 
	}
	manpower=0
	buildings_max_level_factor=1.000
}
