
state={
	id=497
	name="STATE_497"

	history={
		owner = GER
		add_core_of = GER

	}

	provinces={
		8699 8700 8719 8781 8782 8800 8801 8845 8912 8950 9013 9029 9030 9052 9073 9090 9091 9092 9111 9130 9131 9153 9179 9180 9220 9279 9280 9317 9333 9377 9402 9403 9404 9405 9406 9455 9456 9476 9477 9478 9479 9518 9541 9542 9558 9578 9579 9580 9581 9624 9653 9654 9679 9731 9732 9752 9768 9769 9786 9787 9832 9857 9884 9885 9903 9929 9930 9950 9969 9970 9998 10008 10009 10023 10041 10061 10062 10113 10138 10163 10181 10182 10202 10203 10224 10245 10299 10300 10320 10321 10322 10341 10342 10375 10376 10396 10446 10475 10500 10524 10525 10543 10544 10564 10609 10646 10663 10691 10720 10737 10738 10779 10805 10806 10807 10808 10833 10876 10877 10903 10904 10988 10989 10990 11015 11036 11037 11063 11064 11087 11129 11130 11131 11173 11174 11195 11217 11218 11246 11247 11248 11268 11303 11343 11344 11345 11383 11384 11425 11451 11452 11453 11454 11455 11500 11501 11502 11519 11520 11538 11539 11582 11607 11608 11648 11649 11650 11651 11714 11715 11716 11737 11762 11763 11780 11781 11782 11816 11817 11837 11838 11854 11901 11902 11903 11920 11921 11941 11942 11943 11981 12004 12007 12022 12041 12042 12043 12044 12062 12063 12064 12094 12095 12114 12144 12145 12146 12147 12166 12190 12191 12210 12211 12212 12224 12241 12242 12243 12260 12261 12277 12278 12295 12314 12315 12329 12346 12347 12378 12379 12401 12402 12418 12419 12420 12421 12422 12435 12450 12451 12476 12496 12497 12498 12517 12532 12533 12534 12535 12551 12552 12553 12593 12594 12595 12610 12611 12612 12613 12614 12623 12624 12635 12659 12660 12675 12676 12698 12699 12713 12714 12743 12744 12745 12756 12771 12772 12773 12774 12792 12793 12794 12795 12830 12844 12853 12855 12866 12880 12881 12893 12894 12910 12940 12958 12959 12976 12977 12984 12985 12986 12987 12988 12989 12990 13013 13025 13036 13074 13104 13137 13138 13139 13140 13158 13159 13171 13187 13206 13218 13248 13328 13446 13532 13698 
	}
	manpower=0
	buildings_max_level_factor=1.000
}
