
state={
	id=497
	name="STATE_497"

	history={
		owner = GER
		add_core_of = GER

	}

	provinces={
		8699 8700 8719 8781 8782 8800 8845 8912 8950 9029 9052 9073 9090 9091 9092 9111 9130 9131 9179 9180 9220 9279 9280 9333 9377 9404 9405 9406 9456 9477 9478 9518 9541 9579 9654 9679 9732 9769 9885 9903 9950 9970 9998 10062 10138 10203 10320 10321 10322 10342 10376 10446 10609 10663 10691 10720 10808 10833 10904 10989 10990 11064 11131 11174 11217 11218 11247 11248 11425 11454 11455 11502 11520 11539 11582 11648 11649 11650 11651 11737 11763 11782 11817 11838 11902 11903 11942 11943 12007 12044 12063 12064 12095 12145 12146 12147 12212 12224 12242 12243 12261 12277 12278 12295 12315 12346 12347 12379 12421 12422 12435 12476 12498 12533 12534 12535 12553 12595 12611 12612 12613 12614 12635 12676 12699 12714 12744 12745 12756 12774 12794 12795 12830 12844 12855 12894 12910 12958 12959 12976 12977 12988 12989 12990 13025 13137 13138 13139 13140 13158 13171 13206 13218 13248 13328 13446 13532 13698 
	}
	manpower=0
	buildings_max_level_factor=1.000
}
