
state={
	id=498
	name="STATE_498"

        history = {
             owner = SWI
             add_core_of = SWI
        }

	provinces={
		4832 4899 4911 4927 4944 4955 4956 4996 5047 5072 5084 5085 5128 5153 5177 5178 5179 5180 5209 5210 5230 5249 5250 5284 5300 5314 5315 5339 5351 5352 5353 5385 5403 5404 5405 5424 5425 5426 5443 5444 5483 5527 5528 5598 5599 5600 5622 5645 5670 5706 5707 5728 5742 5743 5756 5798 5799 5888 5907 5972 5973 5991 6036 6056 6057 6125 6165 6180 6181 6196 6248 
	}
	manpower=0
	buildings_max_level_factor=1.000
}
