state={
	id=614
	name="STATE_614"
		history = {
        owner = AUS
        add_core_of = AUS
        }
	provinces={
		4834 4846 4862 4894 4959 4960 5049 5057 5058 5074 5087 5088 5089 5090 5091 5092 5132 5133 5164 5182 5195 5196 5197 5213 5214 5215 5233 5266 5288 5303 5318 5319 5320 5341 5355 5356 5371 5388 5407 5408 5409 5410 5429 5430 5462 5463 5485 5506 5507 5508 5532 5543 5544 5545 5579 5581 5582 5601 5602 5603 5627 5628 5629 5630 5648 5671 5688 5710 5758 5760 5803 5804 5844 5863 5864 5865 5866 5867 5868 5910 5911 5926 5952 5953 5977 5978 5979 5993 6019 6020 6038 6061 6062 6079 6080 6081 6129 6130 6167 6184 6198 6199 6225 6226 6227 6252 6253 6254 6272 6273 6316 6337 6338 6361 6362 6395 6463 6483 6522 6523 6542 6543 6574 6575 6576 6620 6621 6687 6707 6708 6738 6759 6780 6821 6850 6851 6885 6926 6954 7061 7062 
	}
	manpower=0
	buildings_max_level_factor=1.000
}
