state={
	id=615
	name="STATE_615"
		history = {
        owner = AUS
        add_core_of = AUS
        }
	provinces={
		3987 4075 4089 4100 4225 4254 4283 4319 4320 4455 4456 4499 4518 4541 4542 4595 4596 4608 4609 4625 4641 4678 4679 4691 4702 4721 4722 4723 4724 4741 4742 4743 4770 4771 4772 4773 4774 4792 4820 4821 4835 4836 4848 4863 4895 4900 4901 4917 4918 4919 4947 4961 4962 4963 5001 5010 5011 5012 5024 5025 5037 5038 5039 5050 5059 5060 5061 5062 5075 5106 5107 5108 5154 5155 5165 5166 5183 5184 5198 5216 5217 5234 5235 5252 5253 5254 5267 5289 5304 5305 5321 5322 5342 5343 5389 5390 5411 5431 5446 5464 5465 5486 5487 5488 5509 5510 5511 5546 5558 5559 5583 5631 5649 5650 5651 5652 5689 5690 5730 5745 5746 5761 5762 5783 5805 5806 5807 5808 5809 5845 5869 5870 5871 5889 5912 5927 5928 5954 5994 5995 5996 6021 6039 6063 6064 6082 6083 6131 6185 6200 6201 6202 6203 6228 6229 6255 6317 6339 6363 6364 6396 6416 6417 6418 6438 6439 6524 6544 6545 6546 6622 6623 6662 6688 6800 6853 6870 7063 
	}
	manpower=0
	buildings_max_level_factor=1.000
}
