
state={
	id=618
	name="STATE_618"

	history={
		owner = AUS
		add_core_of = AUS

	}

	provinces={
		6568 6569 6570 6571 6572 6593 6758 6778 6820 6848 6849 6882 6883 6884 6903 6953 6981 6998 7060 7080 7081 7082 7083 7126 7127 7145 7146 7170 7171 7184 7204 7222 7242 7243 7244 7270 7312 7313 7340 7361 7362 7387 7388 7389 7390 7391 7417 7477 7478 7479 7480 7511 7512 7513 7535 7536 7537 7538 7554 7606 7625 7626 7650 7670 7689 7707 7708 7709 7734 7755 7803 7804 7825 7826 7846 7847 7864 7865 7887 7921 7943 8021 8023 8024 8044 8071 8096 
	}
	manpower=0
	buildings_max_level_factor=1.000
}
