
state={
	id=715
	name="STATE_715"
	
		history={
		owner = AUS
		add_core_of = AUS

	}
	provinces={
		6661 6852 6904 6905 6999 7000 7084 7085 7129 7130 7147 7186 7205 7272 7289 7290 7363 7419 7440 7441 7464 7465 7482 7497 7555 7556 7575 7576 7577 7627 7671 7672 7710 7756 7778 7779 7805 7806 7827 7828 7848 7903 7904 7922 7923 7944 7969 7993 8007 8008 8022 8025 8026 8045 8046 8072 8121 8122 8123 8137 8138 8139 8140 8141 8142 8143 8200 8201 8202 8203 8223 8224 8250 8251 8252 8253 8254 8255 8309 8310 8327 8328 8329 8330 8331 8332 8352 8353 8391 8413 8414 8415 8416 8417 8435 8436 8461 8462 8505 8506 8507 8508 8528 8529 8530 8548 8549 8550 8563 8564 8584 8604 8605 8621 8641 8659 8660 8678 8679 8701 8702 8703 8721 8722 8723 8724 8725 8746 8764 8783 8802 8820 8821 8822 8823 8846 8847 8848 8872 8895 8896 8913 8914 8951 8952 8953 8971 8972 8993 8995 9053 9075 9076 9077 9113 9181 9201 
	}
	manpower=0
	buildings_max_level_factor=1.000
}
