state={
	id=730
	name="STATE_730"
	
		history={
		owner = ROM
		buildings = {
			infrastructure = 6
			arms_factory = 20
			industrial_complex = 40
		}
		add_core_of = ROM

	}
	provinces={
		3517 3525 3556 3601 3636 3653 3677 3685 3698 3730 3752 3753 3754 3780 3781 3782 3794 3807 3808 3830 3843 3857 3872 3873 3887 3934 3942 3970 3971 4001 4002 4003 4004 4016 4055 4056 4066 4116 4117 4128 4146 4147 4155 4156 4185 4227 4242 4243 4244 4255 4256 4268 4284 4304 4305 4322 4363 4383 4396 4406 4426 4437 4457 4458 4480 4502 4554 4567 4581 4626 4627 
	}
	manpower=20000000
	buildings_max_level_factor=1.000
}
