
state={
	id=733
	name="STATE_733"
	
		history={
	owner = SOV
	add_core_of = SOV

	}
	provinces={
		8931 8994 9014 9074 9093 9094 9095 9112 9154 9155 9156 9157 9221 9222 9281 9282 9298 9299 9300 9318 9334 9349 9350 9351 9352 9378 9379 9380 9407 9408 9431 9457 9499 9500 9519 9543 9544 9559 9560 9582 9583 9584 9625 9626 9655 9656 9657 9658 9680 9697 9709 9710 9711 9733 9734 9788 9810 9811 9833 9834 9858 9859 9860 9886 9904 9931 9932 9933 9934 9951 9952 9953 9971 9999 10010 10042 10043 10063 10064 10065 10080 10093 10114 10115 10139 10140 10141 10142 10183 10204 10225 10226 10246 10247 10264 10265 10266 10267 10301 10302 10377 10378 10379 10397 10398 10425 10447 10448 10476 10477 10478 10479 10501 10502 10503 10526 10545 10565 10610 10611 10647 10648 10649 10664 10665 10666 10692 10693 10694 10721 10722 10739 10740 10758 10759 10760 10780 10781 10834 10835 10836 10855 10856 10857 10905 10906 10907 10925 10926 10949 10963 10991 10992 10993 11016 11038 11039 11040 11088 11132 11133 11155 11156 11175 11176 11177 11178 11196 11197 11219 11220 11221 11222 11249 11322 11323 11346 11347 11365 11366 11367 11368 11385 11386 11387 11404 11405 11406 11407 11427 11428 11503 11521 11540 11541 11542 11609 11610 11611 11612 11626 11652 11669 11694 11695 11717 11718 11738 11764 11765 11783 11797 11818 11819 11820 11839 11840 11841 11842 11843 11855 11904 11905 11922 11923 11965 11982 11983 12006 12023 12065 12066 12096 12097 12115 12116 12148 12167 12213 12214 12244 12296 12297 12380 12381 12403 12404 12452 12477 12536 12537 12615 12625 12746 
	}
	manpower=0
	buildings_max_level_factor=1.000
}
