state={
	id=735
	name="STATE_735"
	
		history={
	owner = SOV
	add_core_of = SOV

	}
	provinces={
		13758 13767 13768 13811 13843 13849 13850 13851 13896 13919 13927 13941 13961 13963 14003 14017 14026 14033 14034 14047 14053 14054 14067 14068 14078 14086 14093 14094 14095 14096 14104 14105 14112 14113 14114 14124 14125 14126 14127 14136 14155 14181 14182 14190 14202 14240 14248 14249 14261 14270 14282 14283 14292 14304 14305 14314 14316 14330 14337 14343 14351 14352 14383 14385 14386 14423 14424 14425 14442 14468 14469 14470 14480 14490 14501 14502 14514 14528 14536 14552 14553 14580 14581 14625 14626 14652 14670 14723 14724 14725 14746 
	}
	manpower=0
	buildings_max_level_factor=1.000
}
