
state={
	id=736
	name="STATE_736"
	
		history={
	owner = SOV
	add_core_of = SOV

	}
	provinces={
		12478 12573 12596 12626 12636 12677 12725 12726 12727 12775 12796 12831 12832 12845 12856 12867 12911 12925 12960 12997 12998 13014 13037 13038 13051 13052 13053 13075 13086 13117 13118 13125 13160 13161 13172 13188 13189 13190 13207 13219 13256 13271 13281 13300 13316 13329 13330 13349 13368 13369 13385 13386 13387 13406 13407 13435 13436 13447 13448 13469 13484 13496 13509 13520 13533 13534 13543 13544 13545 13551 13559 13578 13597 13598 13613 13614 13623 13624 13639 13640 13653 13662 13673 13674 13675 13699 13714 13756 13757 13766 13785 13800 13801 13809 13810 13823 13824 13825 13826 13842 13865 13876 13895 13905 13906 13907 13925 13926 13940 13962 13991 14015 14016 
	}
	manpower=0
	buildings_max_level_factor=1.000
}
