state={
	id=737
	name="STATE_737"
	
		history={
	owner = SOV
	add_core_of = SOV

	}
	provinces={
		4503 4505 4519 4568 4643 4692 4757 4794 4849 4864 4880 4881 4921 4922 4964 4981 4982 5026 5027 5063 5110 5111 5143 5157 5158 5186 5199 5236 5255 5306 5324 5325 5358 5447 5448 5489 5490 5560 5692 5693 5732 5829 5847 5913 5929 5930 5956 5997 5998 6151 6152 6169 6204 6230 6320 6419 6440 6441 6484 6525 6547 6577 6710 6711 6712 6761 6823 6871 6956 7001 7042 7064 7148 7149 7224 7273 7274 7341 7364 7393 7394 7395 7442 7539 
	}
	manpower=0
	buildings_max_level_factor=1.000
}
