
state={
	id=738
	name="STATE_738"
	
		history={
	owner = SOV
	add_core_of = SOV

	}
	provinces={
		5077 5095 5096 5134 5144 5145 5146 5147 5148 5149 5167 5200 5201 5219 5220 5237 5256 5269 5344 5345 5359 5360 5372 5373 5391 5392 5393 5394 5450 5451 5452 5467 5491 5492 5493 5494 5512 5513 5514 5515 5533 5547 5548 5561 5562 5584 5585 5605 5606 5607 5633 5634 5635 5655 5656 5657 5658 5674 5675 5676 5677 5678 5679 5694 5696 5712 5713 5714 5747 5748 5763 5764 5765 5784 5785 5786 5811 5812 5813 5814 5815 5848 5849 5850 5851 5872 5873 5874 5892 5893 5894 5895 5914 5915 5916 5931 5932 5933 5934 5957 5958 5959 5960 5980 5981 5982 5999 6000 6001 6022 6042 6067 6068 6069 6070 6071 6072 6084 6085 6086 6087 6088 6089 6110 6111 6132 6133 6134 6135 6154 6170 6171 6188 6189 6205 6206 6207 6208 6209 6210 6231 6232 6233 6234 6235 6256 6275 6276 6293 6294 6295 6296 6321 6322 6340 6341 6342 6343 6344 6345 6374 6397 6398 6399 6420 6421 6422 6423 6424 6425 6426 6427 6442 6443 6444 6445 6465 6466 6467 6485 6486 6487 6488 6511 6512 6513 6526 6527 6548 6549 6550 6551 6552 6578 6579 6595 6608 6624 6625 6626 6627 6628 6629 6638 6639 6640 6663 6664 6665 6666 6667 6690 6691 6713 6714 6715 6716 6742 6743 6762 6763 6764 6765 6782 6783 6784 6801 6802 6824 6825 6826 6827 6828 6829 6830 6854 6855 6856 6857 6858 6859 6872 6873 6874 6887 6888 6906 6907 6908 6929 6930 6957 6958 6984 7002 7003 7004 7005 7023 7024 7025 7026 7027 7043 7044 7045 7046 7047 7065 7066 7067 7068 7069 7070 7086 7087 7088 7089 7090 7107 7108 7109 7131 7132 7150 7151 7152 7153 7154 7172 7187 7188 7189 7190 7191 7192 7206 7225 7245 7246 7247 7248 7249 7250 7251 7275 7276 7277 7278 7279 7280 7281 7291 7292 7314 7315 7316 7317 7318 7319 7320 7343 7344 7365 7366 7367 7396 7397 7399 7420 7421 7422 7423 7443 7444 7445 7446 7447 7466 7467 7483 7484 7485 7498 7499 7500 7501 7514 7515 7516 7517 7540 7557 7558 7559 7560 7561 7562 7578 7579 7580 7607 7608 7609 7610 7611 7612 7613 7614 7628 7629 7630 7631 7632 7633 7673 7674 7675 7676 7677 7678 7679 7680 7691 7692 7693 7694 7711 7712 7713 7714 7715 7716 7735 7736 7737 7738 7739 7740 7741 7742 7757 7758 7759 7760 7761 7780 7781 7782 7783 7784 7785 7786 7807 7808 7829 7849 7850 7851 7866 7868 7888 7889 7905 7906 7907 7908 7909 7924 7925 7926 7927 7928 7929 7930 7945 7946 7947 7948 7949 7970 7971 7972 7973 7974 7975 7994 7995 7996 7997 7998 7999 8009 8027 8028 8029 8047 8048 8049 8073 8074 8075 8076 8077 8078 8097 8098 8099 8100 8101 8102 8124 8125 8126 8144 8145 8146 8162 8163 8164 8165 8166 8181 8182 8183 8184 8185 8204 8205 8206 8225 8226 8227 8228 8229 8230 8231 8232 8256 8257 8258 8259 8274 8275 8276 8277 8293 8294 8295 8311 8312 8333 8334 8335 8336 8337 8338 8339 8354 8368 8369 8370 8371 8372 8373 8374 8392 8393 8394 8395 8396 8397 8398 8399 8418 8419 8420 8421 8437 8438 8439 8440 8441 8442 8463 8464 8465 8466 8467 8468 8469 8488 8489 8490 8491 8509 8510 8511 8531 8532 8551 8552 8565 8566 8567 8568 8569 8585 8586 8587 8588 8606 8607 8608 8609 8611 8612 8622 8623 8624 8642 8643 8644 8645 8646 8647 8648 8661 8662 8663 8664 8665 8666 8667 8680 8681 8682 8683 8684 8704 8705 8706 8707 8726 8727 8728 8729 8730 8731 8747 8748 8765 8784 8785 8786 8803 8804 8824 8825 8826 8827 8828 8829 8849 8850 8851 8852 8853 8854 8873 8874 8875 8876 8897 8898 8899 8900 8901 8915 8916 8917 8932 8933 8934 8954 8955 8956 8957 8973 8974 8975 8976 8977 8978 8996 8997 8998 9015 9016 9017 9018 9031 9032 9033 9034 9035 9054 9078 9079 9080 9081 9096 9097 9098 9099 9114 9132 9133 9134 9135 9136 9137 9138 9158 9182 9183 9184 9185 9186 9187 9202 9203 9204 9205 9223 9224 9225 9243 9244 9245 9246 9247 9248 9262 9263 9264 9265 9266 9267 9283 9284 9301 9302 9303 9319 9320 9335 9336 9353 9354 9355 9356 9357 9358 9359 9360 9381 9409 9410 9411 9432 9433 9434 9436 9437 9438 9458 9459 9460 9461 9462 9463 9464 9480 9481 9501 9520 9521 9522 9523 9524 9545 9546 9547 9561 9562 9563 9564 9585 9586 9606 9607 9608 9609 9627 9628 9659 9660 9661 9662 9663 9664 9681 9682 9683 9698 9699 9700 9701 9712 9713 9714 9715 9735 9736 9753 9754 9770 9771 9772 9789 9790 9791 9792 9793 9812 9813 9814 9835 9836 9837 9838 9839 9840 9841 9861 9862 9863 9864 9865 9887 9888 9905 9906 9907 9908 9935 9936 9937 9938 9939 9940 9954 9955 9956 9972 9973 9974 9975 10000 10001 10011 10012 10013 10014 10024 10025 10026 10027 10066 10067 10068 10081 10094 10095 10096 10116 10117 10118 10119 10144 10164 10165 10166 10184 10185 10187 10205 10206 10207 10209 10227 10230 10231 10232 10248 10249 10250 10252 10253 10268 10270 10287 10288 10305 10306 10325 10344 10361 10363 10380 10381 10403 10404 10426 10427 10428 10429 10430 10450 10451 10530 10548 10569 10570 10592 10614 10615 10629 10630 10651 10669 10701 10762 10763 10785 10786 10815 10816 10839 10911 10995 11045 11046 11069 11114 11115 11157 
	}
	manpower=0
	buildings_max_level_factor=1.000
}
