state={
	id=739
	name="STATE_739"
	
		history={
	owner = SOV
	add_core_of = SOV

	}
	provinces={
		10044 10143 10186 10208 10228 10229 10251 10269 10286 10303 10304 10323 10324 10343 10362 10399 10400 10401 10402 10449 10480 10481 10482 10483 10504 10527 10528 10529 10546 10547 10566 10567 10568 10591 10612 10613 10627 10628 10650 10667 10668 10695 10696 10697 10698 10699 10700 10723 10741 10742 10743 10761 10782 10783 10784 10809 10810 10811 10812 10813 10814 10837 10838 10858 10859 10878 10879 10880 10881 10908 10909 10910 10927 10928 10929 10950 10951 10964 10965 10994 11017 11018 11019 11041 11042 11065 11066 11067 11089 11090 11091 11092 11093 11094 11111 11112 11113 11134 11135 11179 11180 11181 11198 11199 11223 11224 11250 11251 11269 11270 11287 11288 11289 11290 11304 11305 11324 11325 11326 11348 11349 11369 11388 11389 11390 11391 11392 11429 11430 11431 11456 11475 11476 11477 11478 11504 11505 11506 11522 11523 11543 11544 11545 11565 11583 11584 11613 11614 11615 11627 11628 11629 11653 11654 11670 11671 11672 11673 11696 11697 11719 11720 11739 11740 11741 11766 11784 11798 11799 11800 11801 11821 11822 11823 11844 11856 11857 11858 11859 11876 11877 11878 11879 11880 11881 11906 11907 11908 11909 11924 11925 11926 11944 11945 11946 11966 11967 11984 12008 12009 12010 12024 12025 12026 12045 12046 12047 12067 12068 12069 12070 12098 12099 12117 12118 12119 12120 12149 12168 12169 12170 12192 12193 12194 12195 12215 12216 12217 12225 12226 12245 12262 12263 12264 12265 12266 12279 12298 12299 12300 12301 12316 12317 12330 12331 12332 12348 12349 12350 12351 12352 12366 12367 12368 12405 12406 12423 12436 12437 12438 12453 12454 12479 12480 12481 12500 12501 12518 12519 12520 12538 12539 12554 12555 12556 12566 12574 12597 12627 12661 12662 12663 12664 12678 12679 12680 12715 12716 12717 12747 12748 12749 12757 12758 12776 12777 12797 12798 12815 12833 12846 12847 12868 12869 12882 12895 12912 12926 12941 12942 12943 12961 12962 12963 12978 12999 13015 13026 13027 13028 13039 13076 13077 13087 13126 13127 13141 13173 13174 13191 13208 13209 13210 13211 13220 13235 13258 13282 13317 13339 13340 13350 13351 13370 13371 13372 13388 13389 13390 13417 13418 13419 13470 13485 13497 13510 13521 13535 13546 13565 13566 13579 13580 13581 13599 13600 13641 13654 13663 13676 13690 13691 13700 13723 13769 13866 13877 
	}
	manpower=0
	buildings_max_level_factor=1.000
}
