state={
	id=741
	name="STATE_741"
	
		history={
	owner = SOV
	add_core_of = SOV

	}
	provinces={
		15804 15855 15870 15875 15911 15948 15954 15981 15995 16026 16033 16058 16064 16109 16126 16138 16139 16162 16192 16249 16264 16265 16270 16320 16325 16358 16370 16387 16416 16421 16430 16445 16471 16490 16494 16495 16496 16509 16526 16532 16567 16571 16585 16626 16634 16643 16653 16654 16676 16735 16745 16754 16755 16756 16809 16810 16814 16855 16888 16889 16925 16936 16965 16969 16970 16999 17015 17023 17024 17029 17030 17038 17041 17042 17055 17065 17071 17076 17079 17089 17096 17108 17112 17124 17133 17134 17140 17148 17149 17177 17180 17181 17182 17183 17184 17201 17217 17223 17224 17232 17237 17251 17252 17253 17262 17291 17301 17314 17321 17322 17337 17343 17349 17366 17392 17393 
	}
	manpower=0
	buildings_max_level_factor=1.000
}
