
state={
	id=744
	name="STATE_744"

	history={
		owner = SOV
		buildings = {
			infrastructure = 6
			arms_factory = 50
			industrial_complex = 90
		}
		add_core_of = SOV

	}

	provinces={
		1435 1442 1446 1482 1499 1509 1529 1540 1550 1571 1575 1576 1620 1629 1643 1644 1645 1655 1664 1669 1686 1687 1697 1711 1712 1713 1744 1768 1774 1779 1780 1786 1793 1794 1829 1833 1841 1844 1845 1858 1863 1868 1879 1880 1887 1897 1903 1911 1912 1925 1950 1959 1981 1982 1989 1995 1996 2001 2007 2017 2026 2027 2028 2035 2048 2049 2057 2066 2067 2073 2092 2106 2107 2118 2119 2162 2167 2174 2175 2176 2183 2184 2185 2194 2195 2196 2197 2198 2212 2220 2230 2243 2244 2274 2277 2293 2305 2306 2307 2310 2318 2319 2336 2340 2346 2347 2353 2359 2360 2367 2387 2410 2427 2432 2433 2444 2455 2461 2469 2470 2476 2489 2496 2504 2505 2513 2524 2570 2571 2572 2590 2591 2604 2605 2606 2613 2617 2625 2626 2655 2662 2663 2672 2673 2674 2683 2700 2717 2718 2721 2737 2742 2758 2778 2779 2780 2790 2798 2803 2804 2809 2819 2820 2821 2827 2842 2843 2855 2863 2864 2876 2891 2892 2900 2901 2905 2913 2914 2920 2926 2935 2942 2948 2949 2959 2970 2971 2972 2978 2992 3007 3008 3019 3020 3021 3025 3029 3043 3053 3054 3062 3071 3072 3081 3082 3083 3101 3114 3115 3128 3129 3130 3140 3146 3147 3163 3164 3165 3166 3179 3193 3201 3202 3207 3213 3218 3219 3220 3227 3236 3244 3245 3259 3260 3269 3270 3271 3279 3285 3286 3287 3298 3306 3307 3308 3309 3316 3317 3325 3326 3327 3338 3346 3379 3391 3392 3393 3394 3395 3402 3403 3413 3414 3415 3427 3428 3433 3434 3435 3436 3437 3445 3454 3455 3463 3464 3465 3487 3495 3507 3519 3520 3521 3529 3531 3532 3540 3550 3558 3559 3560 3561 3571 3572 3573 3574 3583 3584 3593 3605 3606 3607 3608 3617 3618 3619 3626 3627 3644 3645 3655 3656 3657 3658 3667 3680 3681 3689 3690 3705 3706 3707 3712 3713 3722 3724 3725 3737 3738 3739 3740 3746 3747 3759 3768 3769 3786 3787 3797 3798 3799 3812 3813 3814 3837 3847 3848 3849 3850 3851 3852 3859 3866 3876 3877 3891 3892 3893 3894 3901 3913 3914 3915 3926 3927 3938 3939 3940 3947 3948 3949 3961 3962 3963 3977 3978 3979 3990 3993 3994 4007 4020 4021 4036 4037 4067 4079 4080 4081 4082 4095 4096 4097 4098 4105 4106 4107 4108 4109 4121 4122 4133 4134 4136 4150 4151 4159 4160 4161 4174 4175 4187 4188 4195 4208 4216 4233 4246 4247 4248 4261 4276 4277 4289 4290 4291 4292 4293 4309 4310 4311 4312 4328 4329 4330 4331 4332 4333 4334 4354 4355 4356 4370 4371 4387 4388 4389 4398 4409 4410 4421 4422 4423 4427 4428 4441 4442 4443 4444 4445 4465 4466 4468 4469 4488 4489 4490 4509 4510 4511 4525 4526 4527 4546 4547 4548 4557 4558 4559 4573 4574 4575 4587 4588 4602 4614 4616 4617 4618 4631 4632 4633 4634 4656 4658 4659 4666 4667 4682 4683 4706 4727 4728 4729 4730 4731 4732 4747 4748 4749 4759 4760 4761 4762 4780 4781 4798 4799 4811 4812 4813 4815 4823 4824 4825 4826 4837 4838 4839 4840 4841 4842 4854 4855 4866 4867 4868 4886 4887 4888 4896 4905 4906 4907 4926 4931 4932 4933 4935 4937 4938 4948 4950 4951 4968 4969 4970 4972 4983 4984 4986 4987 4988 4989 4990 4991 5003 5004 5006 5007 5008 5009 5014 5015 5016 5017 5018 5019 5020 5021 5029 5030 5032 5033 5041 5042 5053 5054 5065 5066 5067 5068 5078 5079 5080 5081 5097 5098 5099 5100 5101 5102 5113 5114 5115 5116 5117 5118 5119 5120 5121 5137 5138 5139 5140 5150 5151 5152 5160 5161 5168 5169 5170 5171 5187 5188 5189 5190 5203 5204 5205 5206 5223 5224 5225 5226 5227 5239 5240 5241 5242 5243 5258 5259 5260 5270 5271 5272 5273 5274 5275 5276 5277 5278 5290 5291 5292 5293 5295 5296 5308 5309 5310 5311 5327 5328 5329 5330 5331 5332 5333 5346 5347 5348 5361 5362 5363 5364 5374 5375 5376 5378 5379 5380 5381 5382 5397 5398 5399 5400 5401 5417 5418 5419 5420 5421 5434 5435 5436 5454 5455 5456 5472 5473 5474 5475 5476 5477 5478 5479 5495 5496 5497 5498 5517 5518 5519 5520 5534 5535 5536 5537 5538 5549 5550 5551 5552 5553 5564 5565 5566 5567 5568 5586 5587 5588 5589 5590 5591 5592 5593 5608 5609 5610 5611 5612 5613 5614 5615 5616 5638 5639 5640 5641 5642 5643 5644 5660 5661 5662 5663 5664 5665 5680 5681 5682 5683 5697 5698 5699 5700 5701 5715 5716 5717 5718 5719 5720 5721 5722 5723 5724 5725 5733 5734 5735 5736 5737 5738 5739 5749 5766 5767 5768 5769 5770 5771 5787 5788 5789 5790 5791 5792 5793 5794 5816 5817 5818 5819 5820 5821 5822 5823 5824 5830 5831 5832 5833 5834 5835 5836 5852 5853 5854 5855 5856 5857 5876 5877 5878 5879 5880 5881 5882 5883 5896 5897 5898 5899 5900 5901 5918 5919 5920 5935 5936 5937 5938 5939 5940 5941 5942 5943 5961 5962 5963 5964 5965 5966 5967 5984 5985 5986 5987 5988 6002 6003 6004 6005 6006 6007 6008 6010 6024 6025 6026 6027 6028 6029 6030 6045 6046 6047 6048 6049 6050 6051 6052 6053 6073 6074 6075 6090 6091 6092 6093 6094 6095 6096 6097 6098 6099 6100 6101 6102 6103 6113 6114 6115 6116 6117 6118 6119 6137 6138 6139 6140 6141 6142 6156 6157 6158 6159 6160 6161 6172 6173 6174 6175 6176 6190 6191 6192 6211 6212 6213 6214 6216 6217 6237 6238 6239 6240 6241 6258 6259 6260 6261 6262 6263 6264 6265 6266 6267 6277 6278 6279 6280 6281 6282 6283 6284 6297 6298 6299 6300 6301 6302 6303 6304 6305 6323 6324 6325 6326 6327 6328 6329 6349 6350 6351 6352 6353 6354 6355 6365 6366 6367 6375 6377 6378 6379 6380 6381 6382 6383 6384 6385 6386 6387 6401 6402 6403 6404 6405 6406 6407 6408 6428 6429 6430 6446 6447 6448 6449 6450 6451 6452 6468 6470 6471 6472 6489 6490 6491 6492 6493 6494 6495 6496 6497 6498 6514 6515 6528 6529 6530 6531 6532 6533 6534 6553 6554 6555 6556 6557 6558 6559 6560 6580 6581 6582 6583 6584 6585 6586 6587 6596 6597 6598 6599 6609 6610 6611 6612 6613 6630 6631 6641 6642 6643 6644 6645 6646 6647 6648 6649 6650 6651 6652 6668 6669 6670 6671 6672 6673 6674 6675 6676 6677 6678 6692 6693 6694 6695 6696 6697 6698 6699 6700 6701 6717 6718 6719 6720 6721 6722 6723 6724 6725 6744 6745 6746 6747 6766 6767 6768 6769 6770 6771 6772 6785 6786 6787 6788 6789 6790 6791 6803 6804 6805 6806 6807 6808 6809 6810 6831 6832 6833 6834 6835 6860 6861 6862 6863 6864 6875 6876 6889 6890 6891 6892 6893 6894 6895 6909 6910 6911 6912 6913 6914 6915 6931 6932 6933 6934 6935 6936 6937 6938 6939 6940 6941 6942 6943 6944 6959 6960 6961 6962 6964 6965 6966 6967 6968 6985 6986 6987 6989 6990 7006 7007 7008 7009 7010 7011 7012 7013 7014 7028 7029 7030 7031 7032 7033 7034 7035 7048 7049 7050 7051 7052 7053 7071 7072 7073 7075 7091 7092 7093 7094 7095 7096 7097 7098 7099 7100 7110 7112 7114 7115 7133 7134 7135 7136 7155 7156 7157 7158 7159 7160 7161 7162 7163 7164 7165 7173 7174 7175 7176 7177 7193 7194 7195 7196 7197 7198 7207 7208 7209 7210 7211 7226 7227 7228 7229 7230 7232 7233 7234 7252 7253 7254 7255 7256 7257 7258 7282 7283 7284 7293 7294 7295 7296 7297 7298 7299 7300 7301 7302 7303 7304 7321 7322 7323 7324 7325 7326 7327 7328 7329 7345 7346 7347 7348 7349 7350 7351 7352 7353 7368 7369 7370 7371 7372 7374 7375 7376 7400 7401 7402 7403 7404 7405 7406 7407 7408 7409 7424 7425 7426 7427 7428 7429 7448 7449 7450 7451 7452 7453 7454 7455 7456 7457 7468 7469 7470 7471 7472 7473 7486 7487 7488 7489 7490 7491 7492 7502 7503 7504 7505 7506 7518 7519 7520 7521 7522 7523 7524 7525 7526 7527 7528 7541 7543 7544 7545 7546 7563 7564 7565 7581 7582 7583 7584 7585 7587 7588 7589 7590 7591 7592 7593 7594 7615 7617 7618 7619 7620 7621 7634 7635 7636 7637 7638 7639 7651 7652 7653 7654 7655 7656 7657 7658 7659 7681 7682 7683 7695 7696 7697 7698 7699 7700 7701 7702 7717 7718 7719 7720 7721 7722 7743 7744 7745 7746 7747 7748 7762 7763 7764 7765 7766 7767 7768 7769 7770 7787 7788 7789 7791 7792 7809 7810 7811 7812 7813 7814 7815 7816 7817 7830 7831 7832 7833 7834 7835 7836 7837 7838 7839 7840 7841 7852 7853 7854 7855 7856 7857 7858 7869 7870 7871 7872 7873 7874 7875 7876 7890 7891 7892 7893 7894 7910 7911 7913 7914 7915 7931 7932 7933 7934 7935 7936 7937 7938 7950 7951 7952 7953 7954 7955 7956 7957 7958 7959 7960 7961 7976 7977 7978 7979 7980 7982 8000 8001 8010 8011 8012 8014 8015 8030 8031 8033 8034 8035 8036 8037 8052 8053 8054 8055 8056 8057 8058 8059 8060 8061 8079 8080 8081 8082 8083 8084 8103 8104 8105 8106 8107 8108 8109 8110 8111 8112 8127 8128 8130 8131 8132 8147 8148 8149 8150 8151 8152 8153 8154 8167 8168 8169 8170 8171 8172 8173 8174 8175 8186 8187 8188 8189 8190 8207 8208 8209 8210 8211 8213 8233 8234 8235 8236 8237 8238 8239 8260 8261 8262 8263 8264 8265 8266 8267 8268 8269 8278 8279 8281 8282 8283 8284 8296 8297 8298 8299 8300 8301 8302 8303 8304 8313 8314 8315 8340 8341 8342 8343 8344 8345 8346 8355 8356 8357 8358 8359 8360 8361 8362 8375 8376 8377 8378 8379 8380 8381 8382 8383 8384 8385 8400 8401 8402 8403 8404 8405 8422 8423 8424 8425 8427 8428 8429 8443 8444 8445 8446 8447 8448 8449 8450 8470 8471 8472 8473 8474 8475 8476 8477 8492 8493 8494 8495 8512 8513 8514 8515 8516 8533 8534 8535 8536 8537 8538 8539 8540 8541 8553 8554 8555 8556 8570 8571 8572 8574 8575 8576 8577 8589 8590 8591 8592 8593 8594 8595 8596 8597 8598 8599 8613 8614 8615 8616 8625 8626 8627 8628 8629 8630 8631 8632 8633 8634 8649 8650 8652 8653 8668 8669 8670 8671 8672 8673 8674 8685 8686 8687 8688 8689 8690 8691 8692 8693 8708 8709 8710 8711 8712 8713 8714 8732 8733 8734 8735 8736 8737 8738 8739 8740 8741 8749 8750 8751 8752 8753 8754 8755 8766 8767 8768 8769 8770 8771 8772 8787 8788 8789 8805 8806 8807 8808 8809 8810 8830 8831 8832 8834 8835 8836 8837 8838 8855 8856 8857 8858 8859 8860 8861 8862 8863 8864 8865 8877 8878 8879 8880 8881 8882 8883 8884 8885 8886 8887 8902 8903 8904 8905 8906 8918 8919 8920 8921 8922 8923 8935 8936 8937 8938 8939 8940 8941 8942 8958 8959 8960 8961 8962 8963 8964 8965 8966 8967 8979 8980 8981 8982 8983 8984 8986 8987 8988 8989 8999 9000 9002 9003 9004 9005 9019 9020 9021 9022 9023 9036 9037 9038 9039 9040 9041 9042 9043 9044 9055 9056 9057 9058 9059 9060 9061 9082 9083 9084 9085 9100 9101 9102 9103 9104 9105 9106 9115 9116 9117 9118 9119 9120 9121 9122 9123 9124 9139 9140 9141 9142 9143 9144 9145 9146 9147 9159 9160 9161 9162 9163 9164 9165 9166 9167 9168 9188 9189 9190 9191 9192 9193 9194 9195 9196 9206 9207 9208 9209 9210 9211 9213 9214 9215 9216 9217 9226 9227 9228 9229 9230 9231 9232 9233 9249 9250 9251 9252 9253 9254 9255 9256 9257 9268 9269 9270 9271 9272 9273 9275 9276 9285 9286 9287 9288 9289 9290 9304 9305 9306 9307 9308 9321 9322 9323 9324 9325 9326 9337 9338 9339 9340 9341 9342 9361 9362 9363 9364 9365 9366 9382 9383 9384 9385 9386 9387 9388 9389 9390 9391 9392 9412 9413 9414 9415 9416 9417 9418 9419 9420 9421 9439 9440 9441 9442 9443 9444 9445 9446 9447 9448 9449 9465 9466 9467 9468 9469 9470 9471 9472 9473 9474 9482 9483 9484 9485 9486 9487 9488 9489 9502 9503 9504 9505 9506 9507 9508 9509 9525 9526 9527 9528 9529 9530 9531 9532 9548 9549 9550 9565 9566 9567 9568 9569 9570 9571 9572 9587 9588 9589 9590 9591 9592 9593 9594 9595 9596 9597 9610 9611 9612 9613 9614 9615 9616 9629 9630 9631 9632 9633 9634 9635 9636 9637 9638 9639 9665 9666 9667 9668 9669 9670 9671 9684 9685 9686 9687 9688 9689 9702 9703 9704 9705 9706 9716 9717 9718 9719 9720 9721 9722 9723 9737 9738 9739 9740 9741 9742 9743 9744 9745 9746 9755 9756 9757 9758 9759 9760 9761 9762 9763 9773 9774 9775 9776 9777 9778 9779 9794 9795 9796 9797 9798 9799 9800 9815 9816 9817 9818 9819 9820 9821 9822 9823 9824 9825 9842 9843 9844 9845 9846 9847 9848 9849 9866 9867 9868 9869 9870 9871 9872 9873 9874 9875 9876 9877 9878 9889 9890 9891 9892 9893 9894 9909 9910 9911 9912 9913 9914 9915 9916 9917 9918 9919 9920 9941 9942 9943 9944 9945 9957 9958 9959 9960 9961 9962 9963 9964 9965 9976 9977 9978 9979 9980 9981 9982 9983 9984 9985 9986 9987 9988 9989 9990 10002 10003 10004 10015 10016 10017 10018 10019 10020 10021 10028 10029 10030 10031 10032 10033 10034 10035 10045 10046 10047 10048 10049 10050 10051 10052 10053 10054 10069 10070 10071 10072 10073 10074 10082 10083 10084 10085 10086 10097 10098 10099 10100 10101 10102 10103 10104 10105 10120 10121 10122 10123 10124 10125 10126 10127 10128 10129 10130 10131 10145 10146 10147 10148 10149 10150 10151 10152 10153 10154 10167 10168 10169 10170 10171 10172 10173 10174 10188 10189 10190 10191 10192 10193 10194 10210 10211 10212 10213 10214 10215 10216 10217 10233 10234 10235 10236 10237 10238 10239 10240 10254 10255 10256 10257 10258 10259 10260 10261 10271 10272 10273 10274 10275 10276 10277 10289 10290 10291 10292 10293 10294 10307 10308 10309 10310 10311 10312 10313 10314 10315 10316 10326 10327 10328 10329 10330 10331 10332 10333 10334 10335 10336 10345 10346 10347 10348 10349 10350 10351 10352 10353 10354 10364 10365 10366 10367 10368 10382 10383 10384 10385 10386 10387 10388 10389 10405 10406 10407 10408 10409 10410 10411 10412 10413 10414 10431 10432 10433 10434 10435 10436 10452 10453 10454 10455 10456 10457 10458 10459 10460 10461 10462 10484 10485 10486 10487 10488 10489 10490 10491 10492 10505 10506 10507 10508 10509 10510 10511 10512 10513 10514 10531 10532 10533 10534 10535 10536 10537 10538 10549 10550 10551 10552 10553 10554 10555 10556 10571 10572 10573 10574 10575 10576 10577 10578 10579 10580 10581 10582 10593 10594 10595 10596 10597 10598 10599 10600 10616 10617 10618 10619 10620 10631 10632 10633 10634 10635 10636 10637 10638 10639 10652 10653 10654 10655 10656 10657 10658 10659 10660 10661 10670 10671 10672 10673 10674 10675 10676 10677 10678 10679 10680 10702 10703 10704 10705 10706 10707 10708 10709 10710 10724 10725 10726 10727 10728 10729 10744 10745 10746 10747 10748 10749 10750 10751 10752 10764 10765 10766 10767 10768 10769 10770 10771 10787 10788 10789 10790 10791 10792 10793 10817 10818 10820 10821 10822 10823 10824 10825 10840 10841 10842 10843 10844 10845 10846 10847 10848 10860 10861 10862 10863 10864 10865 10866 10867 10868 10869 10882 10883 10884 10885 10886 10887 10888 10889 10890 10912 10913 10914 10915 10916 10917 10918 10919 10920 10921 10930 10931 10932 10933 10934 10935 10936 10937 10938 10939 10952 10953 10954 10955 10956 10957 10958 10966 10967 10968 10969 10970 10971 10972 10973 10974 10975 10996 10997 10998 10999 11000 11001 11002 11003 11004 11005 11006 11020 11021 11022 11023 11024 11025 11026 11027 11028 11043 11044 11047 11048 11049 11050 11051 11052 11053 11054 11055 11056 11057 11068 11070 11071 11072 11073 11074 11075 11076 11077 11095 11096 11097 11098 11099 11100 11101 11102 11103 11116 11117 11118 11119 11120 11121 11136 11137 11138 11139 11140 11141 11142 11143 11144 11145 11158 11159 11160 11161 11162 11163 11164 11165 11166 11182 11183 11184 11185 11186 11187 11200 11201 11202 11203 11204 11205 11206 11225 11226 11227 11228 11229 11230 11231 11232 11233 11234 11235 11236 11252 11253 11254 11255 11256 11257 11258 11259 11271 11272 11273 11274 11275 11276 11277 11278 11279 11280 11281 11282 11283 11291 11292 11293 11294 11295 11296 11297 11298 11306 11307 11308 11309 11310 11311 11312 11327 11328 11329 11330 11331 11332 11333 11334 11335 11336 11350 11351 11352 11353 11354 11355 11356 11357 11358 11370 11371 11372 11373 11393 11394 11395 11396 11397 11398 11399 11400 11401 11408 11409 11410 11411 11412 11413 11414 11415 11416 11432 11433 11434 11435 11436 11437 11438 11439 11440 11457 11458 11459 11460 11461 11462 11463 11464 11479 11480 11481 11482 11483 11484 11485 11486 11487 11488 11489 11490 11491 11492 11493 11494 11507 11508 11509 11510 11511 11512 11524 11525 11526 11527 11528 11529 11530 11531 11546 11547 11548 11549 11550 11551 11552 11553 11554 11555 11556 11566 11567 11568 11569 11570 11571 11572 11573 11585 11586 11587 11588 11589 11590 11591 11592 11593 11594 11595 11596 11597 11598 11616 11617 11618 11619 11620 11630 11631 11632 11633 11634 11635 11636 11637 11638 11655 11656 11657 11658 11659 11660 11661 11662 11663 11674 11675 11676 11677 11678 11679 11680 11681 11682 11683 11684 11698 11699 11700 11701 11702 11703 11704 11705 11706 11707 11708 11709 11721 11722 11723 11724 11725 11726 11727 11728 11729 11730 11731 11742 11743 11744 11745 11746 11747 11748 11749 11750 11751 11752 11753 11754 11755 11767 11768 11769 11770 11771 11772 11785 11786 11787 11788 11789 11790 11791 11802 11803 11804 11805 11806 11807 11808 11809 11810 11811 11824 11825 11826 11827 11828 11829 11845 11846 11847 11848 11849 11850 11860 11861 11862 11863 11864 11865 11866 11867 11868 11882 11883 11884 11885 11886 11887 11888 11889 11890 11891 11892 11893 11894 11910 11911 11912 11913 11914 11915 11916 11927 11928 11929 11930 11931 11932 11933 11934 11935 11947 11948 11949 11950 11951 11952 11953 11954 11955 11956 11968 11969 11970 11971 11972 11973 11974 11985 11986 11987 11988 11989 11990 11991 11992 11993 11994 11995 11996 12011 12012 12013 12014 12015 12016 12027 12028 12029 12030 12031 12032 12033 12048 12049 12050 12051 12052 12053 12054 12055 12071 12072 12073 12074 12075 12076 12077 12078 12079 12080 12083 12084 12085 12086 12100 12101 12102 12103 12104 12105 12121 12122 12123 12124 12125 12126 12127 12128 12129 12130 12131 12132 12133 12134 12150 12151 12152 12153 12154 12155 12171 12172 12173 12174 12175 12176 12177 12178 12179 12180 12181 12182 12183 12184 12196 12197 12198 12199 12200 12201 12202 12203 12204 12218 12219 12220 12227 12228 12229 12230 12231 12232 12233 12234 12246 12247 12248 12249 12250 12251 12252 12253 12254 12255 12267 12268 12269 12270 12280 12281 12282 12283 12284 12285 12286 12287 12288 12289 12290 12302 12303 12304 12305 12306 12307 12308 12309 12310 12311 12318 12319 12320 12321 12322 12323 12324 12333 12334 12335 12353 12354 12355 12356 12357 12358 12359 12360 12361 12369 12370 12371 12372 12382 12383 12384 12385 12386 12387 12388 12389 12390 12391 12392 12393 12394 12395 12407 12408 12409 12410 12411 12412 12413 12424 12425 12426 12427 12428 12429 12430 12431 12439 12440 12441 12442 12455 12456 12457 12458 12459 12460 12461 12462 12463 12464 12465 12466 12467 12468 12469 12482 12483 12484 12485 12486 12487 12488 12489 12490 12502 12503 12504 12505 12506 12507 12508 12509 12510 12511 12512 12521 12522 12523 12524 12525 12526 12527 12528 12529 12540 12541 12542 12543 12544 12545 12546 12557 12558 12559 12560 12561 12567 12568 12569 12570 12575 12576 12577 12578 12579 12580 12581 12582 12583 12584 12585 12598 12599 12600 12601 12602 12603 12604 12605 12606 12616 12617 12628 12629 12630 12631 12632 12633 12637 12638 12639 12640 12641 12642 12643 12644 12645 12646 12647 12648 12649 12650 12651 12652 12653 12654 12665 12666 12667 12668 12669 12670 12671 12672 12681 12682 12683 12684 12685 12686 12687 12688 12689 12690 12691 12692 12693 12700 12701 12702 12703 12704 12705 12706 12718 12719 12720 12721 12722 12723 12728 12729 12730 12731 12732 12733 12734 12735 12736 12750 12751 12752 12753 12759 12760 12761 12762 12763 12764 12765 12766 12767 12778 12779 12780 12781 12782 12783 12799 12800 12801 12802 12803 12804 12805 12806 12807 12808 12816 12817 12818 12819 12820 12821 12822 12823 12824 12834 12835 12836 12837 12838 12839 12840 12841 12848 12857 12858 12859 12860 12861 12862 12863 12870 12871 12872 12873 12874 12875 12876 12883 12884 12885 12886 12887 12888 12889 12896 12897 12898 12899 12900 12901 12902 12903 12904 12913 12914 12915 12916 12917 12918 12919 12927 12928 12929 12930 12931 12932 12933 12934 12935 12944 12945 12946 12947 12948 12949 12950 12951 12952 12953 12954 12955 12956 12964 12965 12966 12967 12968 12969 12970 12971 12972 12979 12980 12981 12991 12992 12993 12994 13000 13001 13002 13003 13004 13005 13006 13007 13016 13017 13018 13019 13020 13021 13029 13030 13031 13040 13041 13042 13043 13044 13045 13046 13047 13048 13054 13055 13056 13057 13058 13059 13060 13061 13062 13063 13064 13065 13066 13067 13068 13078 13079 13080 13081 13082 13083 13088 13089 13090 13091 13092 13093 13094 13095 13096 13097 13105 13106 13107 13108 13109 13110 13111 13112 13113 13119 13120 13121 13122 13128 13129 13130 13131 13132 13133 13134 13142 13143 13144 13145 13146 13147 13148 13149 13150 13151 13152 13153 13162 13163 13164 13165 13166 13167 13175 13176 13177 13178 13179 13180 13192 13193 13194 13195 13196 13197 13198 13199 13212 13213 13214 13215 13216 13217 13221 13222 13223 13224 13225 13226 13227 13228 13236 13237 13238 13239 13240 13241 13242 13249 13250 13251 13252 13253 13259 13260 13261 13262 13263 13264 13265 13266 13267 13268 13272 13273 13274 13275 13276 13277 13283 13284 13285 13287 13288 13289 13290 13291 13292 13293 13294 13295 13301 13302 13303 13304 13306 13307 13308 13309 13310 13311 13312 13318 13319 13320 13321 13322 13331 13332 13333 13334 13335 13341 13342 13343 13344 13352 13353 13354 13355 13356 13357 13358 13359 13373 13374 13375 13376 13377 13378 13379 13380 13391 13392 13393 13394 13395 13396 13397 13398 13399 13400 13408 13409 13410 13411 13412 13413 13414 13420 13421 13422 13423 13424 13425 13426 13427 13428 13429 13430 13437 13438 13439 13440 13441 13442 13443 13449 13450 13451 13458 13459 13460 13461 13462 13463 13464 13465 13466 13471 13472 13473 13474 13475 13476 13477 13478 13479 13480 13481 13482 13483 13486 13487 13488 13490 13491 13492 13493 13494 13498 13499 13511 13512 13513 13514 13515 13516 13517 13522 13523 13524 13526 13527 13528 13529 13530 13536 13537 13538 13539 13547 13548 13549 13552 13553 13554 13555 13556 13557 13560 13561 13562 13563 13567 13568 13569 13570 13571 13572 13573 13574 13582 13583 13584 13585 13586 13587 13588 13589 13590 13591 13592 13593 13601 13602 13604 13605 13606 13607 13615 13616 13617 13618 13625 13626 13627 13628 13629 13630 13631 13632 13633 13634 13635 13642 13643 13644 13645 13646 13647 13648 13655 13656 13657 13658 13664 13666 13667 13668 13669 13670 13677 13678 13679 13680 13681 13682 13683 13684 13685 13686 13692 13693 13694 13701 13702 13703 13705 13706 13707 13708 13709 13715 13716 13717 13718 13719 13720 13721 13722 13724 13725 13726 13727 13728 13734 13735 13737 13738 13739 13740 13741 13742 13743 13744 13745 13748 13749 13750 13751 13752 13753 13754 13759 13760 13762 13763 13770 13771 13772 13773 13774 13775 13776 13777 13780 13781 13782 13783 13786 13787 13788 13789 13790 13791 13792 13793 13802 13803 13804 13805 13812 13813 13814 13815 13816 13827 13828 13829 13830 13831 13832 13833 13834 13835 13836 13837 13844 13845 13846 13852 13853 13854 13855 13856 13857 13858 13867 13868 13869 13870 13871 13872 13878 13879 13880 13881 13882 13883 13886 13887 13888 13889 13890 13891 13892 13897 13898 13899 13900 13901 13902 13908 13909 13910 13911 13912 13913 13914 13915 13916 13920 13921 13922 13923 13924 13928 13929 13930 13931 13932 13933 13934 13935 13936 13942 13943 13944 13945 13946 13947 13953 13954 13955 13956 13957 13958 13964 13965 13966 13967 13968 13969 13975 13976 13977 13978 13979 13980 13982 13983 13984 13985 13986 13987 13988 13992 13993 13994 13995 13996 13997 14004 14005 14006 14007 14008 14009 14010 14018 14019 14020 14021 14022 14027 14028 14035 14036 14037 14038 14039 14040 14041 14042 14043 14048 14049 14050 14055 14056 14057 14058 14059 14060 14061 14062 14069 14070 14071 14072 14073 14074 14075 14076 14079 14080 14081 14082 14087 14088 14089 14090 14091 14097 14098 14099 14100 14101 14102 14103 14106 14107 14108 14109 14110 14115 14116 14117 14118 14119 14120 14121 14128 14129 14130 14137 14138 14139 14140 14141 14142 14143 14144 14145 14146 14147 14156 14157 14158 14159 14160 14161 14169 14170 14171 14172 14173 14174 14175 14183 14184 14185 14186 14191 14192 14193 14194 14195 14196 14197 14198 14203 14204 14205 14206 14207 14208 14209 14210 14211 14212 14213 14214 14217 14218 14219 14220 14221 14222 14223 14224 14225 14226 14229 14230 14231 14232 14233 14234 14235 14241 14242 14243 14244 14245 14246 14250 14251 14252 14253 14254 14255 14256 14257 14262 14263 14264 14265 14266 14267 14271 14272 14273 14275 14276 14284 14285 14286 14287 14288 14293 14294 14295 14296 14297 14298 14299 14300 14307 14308 14309 14310 14311 14317 14318 14319 14320 14321 14322 14323 14324 14331 14332 14333 14334 14335 14338 14339 14340 14344 14345 14346 14353 14354 14355 14356 14357 14358 14359 14364 14365 14366 14367 14368 14369 14370 14371 14379 14380 14381 14387 14388 14389 14390 14391 14392 14393 14394 14395 14396 14397 14402 14403 14404 14405 14406 14407 14414 14415 14416 14417 14418 14426 14427 14428 14429 14430 14434 14435 14436 14437 14438 14439 14440 14441 14443 14444 14445 14449 14450 14451 14452 14453 14457 14458 14459 14460 14461 14462 14463 14471 14472 14473 14474 14475 14476 14477 14481 14482 14483 14484 14485 14491 14493 14494 14495 14496 14503 14504 14505 14506 14515 14519 14520 14521 14522 14523 14524 14525 14529 14530 14531 14532 14537 14538 14539 14540 14541 14542 14543 14544 14554 14555 14556 14557 14561 14562 14563 14564 14565 14566 14573 14574 14575 14576 14577 14578 14579 14582 14583 14584 14585 14586 14587 14588 14589 14593 14594 14595 14596 14597 14598 14599 14600 14601 14606 14607 14608 14609 14610 14612 14613 14614 14615 14616 14627 14628 14629 14630 14631 14633 14634 14635 14636 14637 14638 14639 14642 14643 14644 14645 14646 14647 14653 14654 14655 14656 14660 14661 14662 14667 14668 14669 14672 14673 14674 14675 14676 14682 14683 14684 14685 14687 14688 14689 14690 14692 14693 14694 14695 14701 14702 14704 14705 14710 14711 14712 14713 14717 14718 14719 14720 14726 14727 14728 14729 14730 14731 14732 14733 14738 14739 14740 14741 14742 14743 14747 14748 14749 14751 14752 14753 14754 14755 14756 14760 14761 14762 14763 14764 14765 14767 14768 14772 14773 14774 14775 14776 14782 14783 14784 14785 14786 14787 14788 14789 14790 14792 14793 14794 14795 14796 14797 14798 14802 14803 14805 14806 14807 14808 14809 14811 14812 14813 14821 14822 14823 14824 14825 14826 14827 14828 14829 14834 14835 14836 14837 14838 14839 14842 14843 14844 14847 14848 14849 14854 14855 14856 14857 14864 14865 14866 14869 14870 14871 14872 14873 14874 14875 14879 14880 14881 14885 14886 14887 14888 14892 14893 14894 14895 14896 14902 14903 14904 14910 14911 14912 14917 14918 14921 14922 14923 14924 14927 14928 14929 14930 14931 14932 14936 14937 14938 14939 14940 14941 14942 14945 14946 14947 14948 14949 14950 14951 14952 14957 14958 14959 14960 14961 14962 14968 14974 14975 14976 14981 14982 14983 14984 14985 14986 14987 14991 14992 14993 14994 15000 15001 15002 15007 15008 15009 15010 15011 15012 15017 15018 15019 15021 15023 15024 15025 15026 15029 15030 15031 15032 15033 15034 15035 15037 15038 15039 15040 15041 15042 15043 15044 15048 15049 15050 15051 15053 15054 15055 15056 15061 15062 15063 15064 15067 15068 15069 15070 15071 15072 15078 15079 15081 15082 15084 15085 15086 15087 15088 15089 15090 15091 15095 15096 15097 15098 15099 15104 15105 15107 15108 15109 15113 15114 15115 15116 15117 15118 15125 15126 15130 15131 15132 15133 15136 15137 15138 15139 15140 15146 15147 15148 15149 15150 15151 15152 15158 15159 15160 15161 15164 15165 15166 15167 15168 15169 15170 15174 15175 15180 15181 15186 15187 15188 15189 15190 15191 15192 15194 15195 15199 15200 15201 15202 15203 15204 15208 15209 15210 15218 15229 15230 15231 15232 15233 15237 15238 15239 15240 15241 15242 15243 15244 15248 15249 15250 15251 15252 15253 15256 15257 15258 15259 15260 15261 15267 15268 15269 15282 15283 15285 15286 15287 15289 15293 15294 15295 15296 15297 15298 15304 15305 15306 15307 15308 15309 15316 15317 15318 15319 15320 15324 15325 15326 15327 15328 15335 15336 15337 15342 15343 15345 15346 15347 15348 15349 15350 15351 15352 15353 15354 15357 15358 15365 15366 15367 15368 15369 15373 15374 15376 15377 15378 15379 15380 15381 15382 15389 15390 15391 15392 15395 15396 15397 15399 15400 15401 15402 15403 15406 15407 15415 15416 15417 15418 15419 15425 15426 15427 15428 15429 15434 15435 15436 15437 15438 15439 15445 15446 15447 15448 15449 15450 15453 15454 15456 15457 15460 15461 15462 15463 15467 15468 15469 15470 15471 15472 15476 15477 15478 15479 15481 15482 15484 15486 15487 15488 15490 15491 15492 15493 15494 15495 15499 15500 15501 15508 15509 15510 15511 15512 15519 15520 15521 15522 15526 15527 15528 15533 15535 15536 15540 15544 15545 15547 15548 15549 15550 15551 15557 15558 15560 15561 15562 15564 15565 15566 15567 15568 15569 15570 15576 15577 15581 15582 15583 15584 15588 15589 15590 15593 15594 15595 15596 15603 15604 15605 15608 15609 15616 15617 15624 15625 15626 15627 15637 15638 15639 15642 15643 15644 15645 15646 15653 15654 15660 15661 15662 15663 15664 15667 15668 15671 15672 15675 15676 15677 15681 15682 15683 15684 15685 15686 15689 15690 15691 15692 15693 15694 15702 15703 15704 15709 15710 15711 15720 15721 15722 15728 15731 15732 15733 15734 15744 15745 15746 15754 15755 15756 15757 15758 15764 15765 15767 15773 15774 15775 15776 15779 15780 15785 15786 15787 15788 15794 15795 15796 15799 15805 15806 15807 15808 15809 15811 15812 15815 15821 15822 15823 15829 15831 15832 15833 15837 15840 15841 15847 15848 15852 15853 15854 15856 15857 15858 15859 15864 15865 15866 15871 15872 15876 15877 15878 15879 15880 15883 15890 15891 15892 15893 15903 15912 15918 15919 15920 15921 15922 15927 15928 15935 15940 15950 15955 15965 15966 15967 15972 15973 15974 15977 15978 15979 15985 15986 15990 15991 15992 15996 15998 15999 16006 16007 16015 16016 16019 16022 16023 16027 16028 16029 16030 16035 16036 16037 16038 16043 16044 16047 16048 16049 16053 16054 16059 16065 16066 16071 16072 16077 16078 16083 16087 16088 16094 16095 16096 16101 16102 16110 16111 16112 16113 16115 16121 16122 16128 16129 16130 16131 16141 16142 16144 16148 16149 16150 16151 16152 16158 16159 16160 16163 16166 16167 16168 16172 16173 16176 16177 16178 16186 16187 16193 16198 16199 16202 16203 16208 16209 16210 16211 16219 16222 16223 16224 16225 16226 16232 16233 16234 16239 16240 16241 16250 16255 16266 16267 16271 16272 16273 16279 16292 16293 16297 16298 16303 16304 16305 16306 16311 16314 16315 16316 16317 16321 16326 16327 16328 16339 16340 16341 16342 16344 16348 16349 16352 16359 16360 16361 16365 16372 16373 16374 16375 16380 16384 16388 16389 16390 16394 16401 16406 16407 16408 16417 16418 16419 16420 16423 16424 16431 16437 16438 16440 16441 16447 16449 16453 16454 16462 16463 16468 16469 16472 16473 16477 16480 16481 16487 16488 16491 16492 16497 16498 16501 16503 16504 16506 16507 16510 16511 16514 16527 16528 16529 16535 16536 16537 16538 16541 16546 16548 16555 16556 16559 16563 16564 16572 16574 16575 16576 16581 16584 16586 16587 16588 16597 16598 16601 16608 16609 16616 16617 16618 16624 16627 16631 16637 16638 16644 16645 16649 16650 16655 16656 16661 16668 16669 16672 16680 16681 16686 16690 16691 16693 16694 16700 16701 16702 16706 16707 16708 16723 16724 16727 16736 16737 16739 16740 16750 16751 16752 16753 16758 16759 16761 16762 16765 16770 16772 16773 16775 16778 16781 16789 16793 16799 16800 16801 16802 16803 16806 16811 16812 16829 16832 16834 16835 16836 16837 16838 16839 16842 16843 16852 16856 16862 16864 16865 16870 16877 16893 16894 16898 16902 16908 16917 16918 16921 16922 16923 16926 16928 16931 16932 16946 16957 16958 16964 16966 16968 16975 16978 16981 16984 16985 16986 16991 17003 17011 17016 17025 17031 17052 17053 17056 17057 17061 17072 17078 17080 17081 17082 17090 17091 17097 17100 17109 17113 17126 17137 17138 17141 17145 17156 17167 17185 17189 17190 17196 17203 17206 17209 17210 17213 17214 17218 17219 17235 17255 17260 17269 17276 17280 17283 17298 17302 17315 17330 17362 17403 17406 17513 17530 17604 17614 17615 17621 17652 17669 17698 17701 
	}
	manpower=60000000
	buildings_max_level_factor=1.000
}
